{
  "prediction_proba_class_0": 0.3632352352142334,
  "prediction_proba_class_1": 0.6367647647857666,
  "explained_class": 1
}