{
  "prediction_proba_class_0": 0.26154895152348245,
  "prediction_proba_class_1": 0.7384510484765175,
  "explained_class": 1
}