{
  "prediction_proba_class_0": 0.35046159103333063,
  "prediction_proba_class_1": 0.6495384089666695,
  "explained_class": 1
}