{
  "prediction_proba_class_0": 0.3036984911244842,
  "prediction_proba_class_1": 0.6963015088755158,
  "explained_class": 1
}