{
  "prediction_proba_class_0": 0.355046569248483,
  "prediction_proba_class_1": 0.6449534307515173,
  "explained_class": 1
}