{
  "prediction_proba_class_0": 0.2060357928276062,
  "prediction_proba_class_1": 0.7939642071723938,
  "explained_class": 1
}