{
  "prediction_proba_class_0": 0.4332507040181821,
  "prediction_proba_class_1": 0.5667492959818179,
  "explained_class": 1
}