{
  "prediction_proba_class_0": 0.40154216496518735,
  "prediction_proba_class_1": 0.5984578350348126,
  "explained_class": 1
}