{
  "prediction_proba_class_0": 0.29727572202682495,
  "prediction_proba_class_1": 0.702724277973175,
  "explained_class": 1
}